# number of Gd/Fe layers, transmission, polarisation
0.000000000000000000e+00 7.736931984540336149e-01 -7.672524754583787826e-03
1.000000000000000000e+00 7.736931984540336149e-01 -7.672524754583787826e-03
2.000000000000000000e+00 7.543107892490203970e-01 -1.526952983410093112e-02
3.000000000000000000e+00 7.354812524294165321e-01 -2.279919299928457807e-02
4.000000000000000000e+00 7.171722498936059509e-01 -3.026989113776207621e-02
5.000000000000000000e+00 6.993543164885972496e-01 -3.769006869279185185e-02
6.000000000000000000e+00 6.820007794883281571e-01 -4.506811247849685370e-02
7.000000000000000000e+00 6.650876564092363941e-01 -5.241223406543037144e-02
8.000000000000000000e+00 6.485935333785426415e-01 -5.973036090336091702e-02
9.000000000000000000e+00 6.324994263277726736e-01 -6.703003729368257890e-02
1.000000000000000000e+01 6.167886273878504522e-01 -7.431833622848717236e-02
1.100000000000000000e+01 6.014465389891235914e-01 -8.160178297646215884e-02
1.200000000000000000e+01 5.864604982969094937e-01 -8.888629111978786634e-02
1.300000000000000000e+01 5.718195947195406914e-01 -9.617711153616220754e-02
1.400000000000000000e+01 5.575144832933707217e-01 -1.034787945834855227e-01
1.500000000000000000e+01 5.435371967636156709e-01 -1.107951654907517874e-01
1.600000000000000000e+01 5.298809591318925927e-01 -1.181293126980557662e-01
1.700000000000000000e+01 5.165400033262786961e-01 -1.254835886320359584e-01
1.800000000000000000e+01 5.035093954682072770e-01 -1.328596221616303308e-01
1.900000000000000000e+01 4.907848679674843284e-01 -1.402583417622746131e-01
2.000000000000000000e+01 4.783626633811535189e-01 -1.476800082331876096e-01
2.100000000000000000e+01 4.662393906357755746e-01 -1.551242556683976037e-01
2.200000000000000000e+01 4.544118948497720689e-01 -1.625901392818321078e-01
2.300000000000000000e+01 4.428771416176611742e-01 -1.700761886318862270e-01
2.400000000000000000e+01 4.316321162457021354e-01 -1.775804647808376102e-01
2.500000000000000000e+01 4.206737380722430641e-01 -1.851006199566830879e-01
2.600000000000000000e+01 4.099987896774034413e-01 -1.926339583549696588e-01
2.700000000000000000e+01 3.996038604949195272e-01 -2.001774968204080019e-01
2.800000000000000000e+01 3.894853040905555952e-01 -2.077280242757168494e-01
2.900000000000000000e+01 3.796392081703164889e-01 -2.152821589113199097e-01
3.000000000000000000e+01 3.700613762290714259e-01 -2.228364023071779665e-01
3.100000000000000000e+01 3.607473196451008168e-01 -2.303871898204078172e-01
3.200000000000000000e+01 3.516922589656025222e-01 -2.379309367335649406e-01
3.300000000000000000e+01 3.428911331079762537e-01 -2.454640798132075863e-01
3.400000000000000000e+01 3.343386152163728142e-01 -2.529831140726017669e-01
3.500000000000000000e+01 3.260291339566440127e-01 -2.604846246629049511e-01
3.600000000000000000e+01 3.179568990993569821e-01 -2.679653139318213251e-01
3.700000000000000000e+01 3.101159303240241805e-01 -2.754220237862864962e-01
3.800000000000000000e+01 3.025000882726460727e-01 -2.828517535759139112e-01
3.900000000000000000e+01 2.951031069821240527e-01 -2.902516737769497701e-01
4.000000000000000000e+01 2.879186269288965816e-01 -2.976191358032933554e-01
4.100000000000000000e+01 2.809402280217942471e-01 -3.049516783029557199e-01
4.200000000000000000e+01 2.741614619779138007e-01 -3.122470303167509953e-01
4.300000000000000000e+01 2.675758836092863024e-01 -3.195031116827332096e-01
4.400000000000000000e+01 2.611770806339104301e-01 -3.267180310667001653e-01
4.500000000000000000e+01 2.549587017025806146e-01 -3.338900819877031467e-01
4.600000000000000000e+01 2.489144824025465164e-01 -3.410177371896439547e-01
4.700000000000000000e+01 2.430382690604893370e-01 -3.480996416872171872e-01
4.800000000000000000e+01 2.373240402209285393e-01 -3.551346047880719059e-01
4.900000000000000000e+01 2.317659257225861136e-01 -3.621215913643573980e-01
5.000000000000000000e+01 2.263582233350828199e-01 -3.690597126168356779e-01
5.100000000000000000e+01 2.210954129524220768e-01 -3.759482165443676083e-01
5.200000000000000000e+01 2.159721683687670923e-01 -3.827864783016042272e-01
5.300000000000000000e+01 2.109833666867821644e-01 -3.895739905986501106e-01
5.400000000000000000e+01 2.061240954299678740e-01 -3.963103542688943826e-01
5.500000000000000000e+01 2.013896574485399271e-01 -4.029952691053745317e-01
5.600000000000000000e+01 1.967755737239852143e-01 -4.096285250423593038e-01
5.700000000000000000e+01 1.922775841908560546e-01 -4.162099937373393566e-01
5.800000000000000000e+01 1.878916467059064677e-01 -4.227396205895380121e-01
5.900000000000000000e+01 1.836139343045496697e-01 -4.292174172144254118e-01
6.000000000000000000e+01 1.794408308928897022e-01 -4.356434543795125736e-01
6.100000000000000000e+01 1.753689255303335359e-01 -4.420178553949144495e-01
6.200000000000000000e+01 1.713950054629699848e-01 -4.483407899427306886e-01
6.300000000000000000e+01 1.675160480714980304e-01 -4.546124683220663654e-01
6.400000000000000000e+01 1.637292118994022605e-01 -4.608331360813973654e-01
6.500000000000000000e+01 1.600318269272697214e-01 -4.670030690067765722e-01
6.600000000000000000e+01 1.564213842575628566e-01 -4.731225684329383729e-01
6.700000000000000000e+01 1.528955253707733608e-01 -4.791919568444455990e-01
6.800000000000000000e+01 1.494520311087246256e-01 -4.852115737354588676e-01
6.900000000000000000e+01 1.460888105338876697e-01 -4.911817716992477600e-01
7.000000000000000000e+01 1.428038898050599248e-01 -4.971029127219891985e-01
7.100000000000000000e+01 1.395954011997496136e-01 -5.029753646594985472e-01
7.200000000000000000e+01 1.364615724023093835e-01 -5.087994978800772783e-01
7.300000000000000000e+01 1.334007161644903405e-01 -5.145756820614437732e-01
7.400000000000000000e+01 1.304112204318878532e-01 -5.203042831345471297e-01
7.500000000000000000e+01 1.274915390159916395e-01 -5.259856603717676382e-01
7.600000000000000000e+01 1.246401828775061393e-01 -5.316201636214470394e-01
7.700000000000000000e+01 1.218557120725552168e-01 -5.372081306946799861e-01
7.800000000000000000e+01 1.191367283995763138e-01 -5.427498849138464587e-01
7.900000000000000000e+01 1.164818687713979339e-01 -5.482457328352117187e-01
8.000000000000000000e+01 1.138897993243906670e-01 -5.536959621602073334e-01
8.100000000000000000e+01 1.113592102648747334e-01 -5.591008398515243671e-01
8.200000000000000000e+01 1.088888114422964376e-01 -5.644606104709977146e-01
8.300000000000000000e+01 1.064773286291773036e-01 -5.697754947563837824e-01
8.400000000000000000e+01 1.041235004795545704e-01 -5.750456884535950497e-01
8.500000000000000000e+01 1.018260761306120782e-01 -5.802713614197265724e-01
8.600000000000000000e+01 9.958381340645007518e-02 -5.854526570104464644e-01
8.700000000000000000e+01 9.739547757843708409e-02 -5.905896917629563925e-01
8.800000000000000000e+01 9.525984063326502216e-02 -5.956825553829415698e-01
8.900000000000000000e+01 9.317568099762636724e-02 -6.007313110407206391e-01
9.000000000000000000e+01 9.114178366725314562e-02 -6.057359959782843140e-01
9.100000000000000000e+01 8.915694068779941861e-02 -6.106966224251472175e-01
9.200000000000000000e+01 8.721995193561096760e-02 -6.156131788170366992e-01
9.300000000000000000e+01 8.532962614767929110e-02 -6.204856313074202934e-01
9.400000000000000000e+01 8.348478215193813612e-02 -6.253139255579159839e-01
9.500000000000000000e+01 8.168425025139301743e-02 -6.300979887897009135e-01
9.600000000000000000e+01 7.992687371830042853e-02 -6.348377320742942809e-01
9.700000000000000000e+01 7.821151035763303228e-02 -6.395330528385818614e-01
9.800000000000000000e+01 7.653703410229113768e-02 -6.441838375557159546e-01
9.900000000000000000e+01 7.490233660589057374e-02 -6.487899645906857193e-01
1.000000000000000000e+02 7.330632880239407179e-02 -6.533513071669037053e-01
1.010000000000000000e+02 7.174794240531479073e-02 -6.578677364181845233e-01
1.020000000000000000e+02 7.022613132265823066e-02 -6.623391244890366458e-01
1.030000000000000000e+02 6.873987296714424711e-02 -6.667653476452666261e-01
1.040000000000000000e+02 6.728816944453927529e-02 -6.711462893565346421e-01
1.050000000000000000e+02 6.587004860610272405e-02 -6.754818433127500743e-01
1.060000000000000000e+02 6.448456495419763179e-02 -6.797719163369957407e-01
1.070000000000000000e+02 6.313080039301505186e-02 -6.840164311590568591e-01
1.080000000000000000e+02 6.180786481910645336e-02 -6.882153290156082237e-01
1.090000000000000000e+02 6.051489654899894211e-02 -6.923685720455594605e-01
1.100000000000000000e+02 5.925106258357841493e-02 -6.964761454520607131e-01
1.110000000000000000e+02 5.801555871115562230e-02 -7.005380594060690580e-01
1.120000000000000000e+02 5.680760945317911426e-02 -7.045543506701633651e-01
1.130000000000000000e+02 5.562646785841866837e-02 -7.085250839254272348e-01
1.140000000000000000e+02 5.447141515310869458e-02 -7.124503527885404086e-01
1.150000000000000000e+02 5.334176025600921578e-02 -7.163302805107510940e-01
1.160000000000000000e+02 5.223683916861114607e-02 -7.201650203550025164e-01
1.170000000000000000e+02 5.115601425177407346e-02 -7.239547556520617988e-01
1.180000000000000000e+02 5.009867340094308064e-02 -7.276996995410340840e-01
1.190000000000000000e+02 4.906422913274265107e-02 -7.314000944039900087e-01
1.200000000000000000e+02 4.805211759619416878e-02 -7.350562110085533396e-01
1.210000000000000000e+02 4.706179752204943390e-02 -7.386683473761223029e-01
1.220000000000000000e+02 4.609274912378497069e-02 -7.422368273968359409e-01
1.230000000000000000e+02 4.514447296366851797e-02 -7.457619992154347344e-01
1.240000000000000000e+02 4.421648879699814627e-02 -7.492442334147633165e-01
1.250000000000000000e+02 4.330833440713934696e-02 -7.526839210257132429e-01
1.260000000000000000e+02 4.241956444336654475e-02 -7.560814713940057219e-01
1.270000000000000000e+02 4.154974927275733448e-02 -7.594373099352723644e-01
1.280000000000000000e+02 4.069847385652319155e-02 -7.627518758103775109e-01
1.290000000000000000e+02 3.986533666019844574e-02 -7.660256195530098511e-01
1.300000000000000000e+02 3.904994860607297058e-02 -7.692590006810449133e-01
1.310000000000000000e+02 3.825193207516678490e-02 -7.724524853222577425e-01
1.320000000000000000e+02 3.747091996492297322e-02 -7.756065438836207138e-01
1.330000000000000000e+02 3.670655480766181478e-02 -7.787216487916253094e-01
1.340000000000000000e+02 3.595848795370938655e-02 -7.817982723290145541e-01
1.350000000000000000e+02 3.522637882201114234e-02 -7.848368845908968439e-01
1.360000000000000000e+02 3.450989421997349010e-02 -7.878379515806108735e-01
1.370000000000000000e+02 3.380870773326652423e-02 -7.908019334628778596e-01
1.380000000000000000e+02 3.312249918537270299e-02 -7.937292829888665802e-01
1.390000000000000000e+02 3.245095416579674846e-02 -7.966204441047649576e-01
1.400000000000000000e+02 3.179376362506242809e-02 -7.994758507524014624e-01
1.410000000000000000e+02 3.115062353392383798e-02 -8.022959258674515759e-01
1.420000000000000000e+02 3.052123460360879961e-02 -8.050810805778040313e-01
1.430000000000000000e+02 2.990530206340014097e-02 -8.078317136017912903e-01
1.440000000000000000e+02 2.930253549143723574e-02 -8.105482108433257338e-01
1.450000000000000000e+02 2.871264869429177372e-02 -8.132309451783962251e-01
1.460000000000000000e+02 2.813535963062903725e-02 -8.158802764251085193e-01
1.470000000000000000e+02 2.757039037410797741e-02 -8.184965514873006054e-01
1.480000000000000000e+02 2.701746711059342665e-02 -8.210801046599623954e-01
1.490000000000000000e+02 2.647632016474710942e-02 -8.236312580830356112e-01
1.500000000000000000e+02 2.594668405112146928e-02 -8.261503223288890752e-01
1.510000000000000000e+02 2.542829754499908307e-02 -8.286375971076603841e-01
1.520000000000000000e+02 2.492090376838954763e-02 -8.310933720739149821e-01
1.530000000000000000e+02 2.442425028681127416e-02 -8.335179277175036594e-01
1.540000000000000000e+02 2.393808921273851351e-02 -8.359115363212981098e-01
1.550000000000000000e+02 2.346217731187954722e-02 -8.382744629684276694e-01
1.560000000000000000e+02 2.299627610876250894e-02 -8.406069665819160264e-01
1.570000000000000000e+02 2.254015198843449530e-02 -8.429093009800477931e-01
1.580000000000000000e+02 2.209357629142384011e-02 -8.451817159314924943e-01
1.590000000000000000e+02 2.165632539946719601e-02 -8.474244581950176602e-01
1.600000000000000000e+02 2.122818080985816938e-02 -8.496377725296845318e-01
1.610000000000000000e+02 2.080892919662909873e-02 -8.518219026625566404e-01
1.620000000000000000e+02 2.039836245712713450e-02 -8.539770922022319466e-01
1.630000000000000000e+02 1.999627774288566598e-02 -8.561035854878888962e-01
1.640000000000000000e+02 1.960247747402243251e-02 -8.582016283649890331e-01
1.650000000000000000e+02 1.921676933670742743e-02 -8.602714688802568510e-01
1.660000000000000000e+02 1.883896626354190224e-02 -8.623133578900962215e-01
1.670000000000000000e+02 1.846888639696361856e-02 -8.643275495781262974e-01
1.680000000000000000e+02 1.810635303605074783e-02 -8.663143018789983829e-01
1.690000000000000000e+02 1.775119456732526108e-02 -8.682738768071605051e-01
1.700000000000000000e+02 1.740324438036481430e-02 -8.702065406906011047e-01
1.710000000000000000e+02 1.706234076921276169e-02 -8.721125643109671755e-01
1.720000000000000000e+02 1.672832682072987118e-02 -8.739922229526770892e-01
1.730000000000000000e+02 1.640105029116079374e-02 -8.758457963647887645e-01
1.740000000000000000e+02 1.608036347228892354e-02 -8.776735686404214531e-01
1.750000000000000000e+02 1.576612304863051622e-02 -8.794758280193973876e-01
1.760000000000000000e+02 1.545818994716768868e-02 -8.812528666205957650e-01
1.770000000000000000e+02 1.515642918114727677e-02 -8.830049801110920749e-01
1.780000000000000000e+02 1.486070968947387355e-02 -8.847324673197111133e-01
1.790000000000000000e+02 1.457090417320686115e-02 -8.864356298029444359e-01
1.800000000000000000e+02 1.428688893063096918e-02 -8.881147713714774294e-01
1.810000000000000000e+02 1.400854369231299343e-02 -8.897701975855951684e-01
1.820000000000000000e+02 1.373575145748189529e-02 -8.914022152278170408e-01
1.830000000000000000e+02 1.346839833298175623e-02 -8.930111317608965260e-01
1.840000000000000000e+02 1.320637337594690944e-02 -8.945972547791034568e-01
1.850000000000000000e+02 1.294956844123708838e-02 -8.961608914604162202e-01
1.860000000000000000e+02 1.269787803455413137e-02 -8.977023480267466438e-01
1.870000000000000000e+02 1.245119917203812987e-02 -8.992219292188491364e-01
1.880000000000000000e+02 1.220943124701447634e-02 -9.007199377920601657e-01
1.890000000000000000e+02 1.197247590443740496e-02 -9.021966740382360017e-01
1.900000000000000000e+02 1.174023692344791300e-02 -9.036524353387948016e-01
1.910000000000000000e+02 1.151262010834198934e-02 -9.050875157529074677e-01
1.920000000000000000e+02 1.128953318812466605e-02 -9.065022056442727516e-01
1.930000000000000000e+02 1.107088572471333528e-02 -9.078967913491452491e-01
1.940000000000000000e+02 1.085658902974627471e-02 -9.092715548876376674e-01
1.950000000000000000e+02 1.064655608985493919e-02 -9.106267737195078427e-01
1.960000000000000000e+02 1.044070150016855429e-02 -9.119627205451246166e-01
1.970000000000000000e+02 1.023894140573996560e-02 -9.132796631515217589e-01
1.980000000000000000e+02 1.004119345051165089e-02 -9.145778643029067734e-01
1.990000000000000000e+02 9.847376733380659719e-03 -9.158575816744682907e-01
